# values from analysis of mock dv v7 Apr 15th 2025
[cosmological_parameters]
omega_m = 0.1     0.31    0.6
h0 = 0.58    0.69    0.80
omega_b = 0.03    0.051    0.07
n_s = 0.93    0.965    1.00
a_s_1e9 = 0.5     1.831     5.0
w = -1.0
omega_k = 0.0
tau = 0.054
yhe = 0.245341
standard_neutrino_neff = 3.044
num_massive_neutrinos = 3
nnu = 3.044
mnu = 0.06 0.0773062 0.6

[bias_lens]
b1 = 0.8  1.54  3.0
b2 = 1.0  1.0  1.0 
b3 = 0.8  1.85  3.0  
b4 = 0.8  1.76  3.0  
b5 = 0.8  1.93  3.0  
b6 = 0.8  1.90  3.0      


[mag_alpha_lens]    
alpha_1 = -2. 1.58 6    
alpha_2 = 1.0  1.0  1.0 
alpha_3 = -2. 2.04 6    
alpha_4 = -2. 2.21 6      
alpha_5 = -2. 2.45 6    
alpha_6 = -2. 2.42 6    

[shear_calibration_parameters]
m1_uncorr = -3.0  0.0  3.0
m2_uncorr = -3.0  0.0  3.0
m3_uncorr = -3.0  0.0  3.0
m4_uncorr = -3.0  0.0  3.0
  
[halo_model_parameters]
logt_agn = 7.7  

[intrinsic_alignment_parameters]
z_piv = 0.3  
a1 = -1.0  0.13  3.0
a2 = -3.0  -0.2  3.0  
alpha1 =  -5.0  0   5.0
alpha2 = -5.0  0   5.0
bias_ta = 1.0  

[source_photoz_u]  
u_0_uncorr = -3.0  0.0  3.0
u_1_uncorr = -3.0 0.0 3.0
u_2_uncorr = -3.0 0.0 3.0
u_3_uncorr = -3.0 0.0 3.0
u_4_uncorr = -3.0 0.0 3.0
u_5_uncorr = -3.0 0.0 3.0
u_6_uncorr = -3.0 0.0 3.0
;   
[lens_photoz_u]  
u_0_0 = -3.0 0.0 3.0  
u_0_1 = -3.0 0.0 3.0  
u_0_2 = -3.0 0.0 3.0  
u_1_0 = 0.0  0.0  0.0
u_1_1 = 0.0  0.0  0.0
u_1_2 = 0.0  0.0  0.0
u_2_0 = -3.0 0.0 3.0  
u_2_1 = -3.0 0.0 3.0  
u_2_2 = -3.0 0.0 3.0  
u_3_0 = -3.0 0.0 3.0  
u_3_1 = -3.0 0.0 3.0  
u_3_2 = -3.0 0.0 3.0  
u_4_0 = -3.0 0.0 3.0  
u_4_1 = -3.0 0.0 3.0
u_4_2 = -3.0 0.0 3.0  
u_5_0 = -3.0 0.0 3.0  
u_5_1 = -3.0 0.0 3.0  
u_5_2 = -3.0 0.0 3.0    
